"path","length","sha256"
"java-jmetal58/jmetal-algorithm/src/main/java/org/uma/jmetal/algorithm/multiobjective/mypso/ZhangBoMOHPSOQ.java","310480","CF025CA1237D15D7589C3200BE7672A49DB426F70DCCF53CF46E06752F18FA29"
"java-jmetal58/jmetal-algorithm/src/main/java/org/uma/jmetal/algorithm/multiobjective/mypso/ZhangBoMOHPSOQBuilder.java","8591","15B3F5F81DAFF698F9D9E167FD183EB9EFCF6CFC629206765BC114A23060CF6B"
"java-jmetal58/jmetal-algorithm/src/main/java/org/uma/jmetal/algorithm/multiobjective/mypso/zhangbo/ZhangBoGlobalSearchConfiguration.java","9682","C6A5AAAECE06B9697197E79585806C95CE722CEF8A3E5D5D738A4B00AE9C4831"
"java-jmetal58/jmetal-algorithm/src/main/java/org/uma/jmetal/algorithm/multiobjective/mypso/zhangbo/ZhangBoPersonalArchiveConfiguration.java","4988","7D2B04FFBE1744BD9F53E713F7F99202C50083BEA35E386711DD6B06BA56538A"
"java-jmetal58/jmetal-algorithm/src/main/java/org/uma/jmetal/algorithm/multiobjective/mypso/zhangbo/ZhangBoSolutionSupport.java","1509","DE84932843DE12D82102C84443030561B6611F3976A941C20BD4B37E1D651C71"
"java-jmetal58/jmetal-algorithm/src/main/java/org/uma/jmetal/algorithm/multiobjective/mypso/zhangbo/ZhangBoEvaluatedPddrSelector.java","6982","28F8BC4A02D16F7E23689D30AAC57F2BF78DA16A2E3BE687FBA1E54F10D313B9"
"java-jmetal58/jmetal-algorithm/src/main/java/org/uma/jmetal/algorithm/multiobjective/mypso/zhangbo/ZhangBoArchiveEntry.java","6838","45856BC99CA9E8FAD5F38CE9DDA9B581DFE8CAFA270EE04446E2BD284C2CB914"
"java-jmetal58/jmetal-algorithm/src/main/java/org/uma/jmetal/algorithm/multiobjective/mypso/zhangbo/ZhangBoArchiveBounds.java","5376","CB30F768F65E60E9514E7F24A040EA06EDAC84D681748B25DA899047C6EDBFD5"
"java-jmetal58/jmetal-algorithm/src/main/java/org/uma/jmetal/algorithm/multiobjective/mypso/zhangbo/ZhangBoPersonalArchive.java","14899","CC73C5FF2FA0421ADB0E40CA1E6907B1D11B384AD2B2FE8CC8C43602C40D2568"
"java-jmetal58/jmetal-algorithm/src/main/java/org/uma/jmetal/algorithm/multiobjective/mypso/zhangbo/ZhangBoLineageTag.java","829","D01511F1A1A18F002BC8188992B4436173C7D7771918FD064269876853E4DD78"
"java-jmetal58/jmetal-algorithm/src/main/java/org/uma/jmetal/algorithm/multiobjective/mypso/zhangbo/ZhangBoLineageMemory.java","1642","B8DCCC04F0C3E8CD49598447038673CE6454C41EC11D2A48AD032FBC4D95591C"
"java-jmetal58/jmetal-algorithm/src/main/java/org/uma/jmetal/algorithm/multiobjective/mypso/zhangbo/ZhangBoLineageCoordinator.java","12308","63361EA8620A7886A4D51A29DD93E82089DFEFF7395095083022D7E0BD3994D9"
"java-jmetal58/jmetal-exec/src/main/java/org/uma/jmetal/runner/lc_psode/ZhangBoMOHPSOQRun.java","15042","E3EC448A659A299D6D94988F9D8E6813A6F460815D8A1C1FDCBF7DB7FB0053D9"
"java-jmetal58/jmetal-algorithm/src/test/java/org/uma/jmetal/algorithm/multiobjective/mypso/zhangbo/ZhangBoTestPermutationSolution.java","4366","9BE58F42881D29DD16CF50B3AA1BD8A178BE1602399712B9E54D48EDB0386655"
"java-jmetal58/jmetal-algorithm/src/test/java/org/uma/jmetal/algorithm/multiobjective/mypso/zhangbo/ZhangBoEvaluatedPddrSelectorTest.java","3077","75EA009DCDF1A63F60F835B1FF79D399C6D68FFD39A8925549A33A9E89083E1F"
"java-jmetal58/jmetal-algorithm/src/test/java/org/uma/jmetal/algorithm/multiobjective/mypso/zhangbo/ZhangBoPersonalArchiveTest.java","5763","32A57C4093C2011928B13E9D8798C43C74DBAEA688D39C64F6EC5A32B6E88868"
"java-jmetal58/jmetal-algorithm/src/test/java/org/uma/jmetal/algorithm/multiobjective/mypso/zhangbo/ZhangBoLineageCoordinatorTest.java","5528","65BE634D86BC5B797566836959A5CFDBF6FAE983EC1DFDD1105B09340186B8BA"
"java-jmetal58/jmetal-algorithm/src/test/java/org/uma/jmetal/algorithm/multiobjective/mypso/zhangbo/ZhangBoP62ConfigurationTest.java","1912","33B3F9D7CD577DFFD864A9B160DA8C3CFAB78B07EE9131A4A23466B94B4FBB39"
"java-jmetal58/jmetal-exec/src/test/java/org/uma/jmetal/runner/lc_psode/ZhangBoP6IntegrationSmokeTest.java","15061","08012BD5271160762BC415238471C2A39F798E858B756B2D6157D0164FDCD05D"

